[0.49, 0.72, 0.51, 0.53, 0.26, 0.49, 0.48]
[0.18, 0.22, 0.02, 0.2, 0.19, 0.49, 0.16]
[0.49, 0.74, 0.51, 0.74, 0.51, 0.92, 0.73, 0.5, 0.48]
[0.22, 0.25, 0.17, 0.24, 0.44, 0.04, 0.2]
[0.49, 0.97, 0.98, 0.98, 0.54, 0.43, 0.47, 0.52]
[0.36, 0.26, 0.9, 0.46, 0.28, 0.2, 0.92, 0.33]
[0.49, 0.98, 0.52, 0.52, 0.17, 0.49, 0.07]
[0.28, 0.31, 0.9, 0.3, 0.71, 0.82, 0.3]
[0.49, 0.75, 0.72, 0.53, 0.51, 0.5, 0.49]
[0.27, 0.11, 0.89, 0.1, 0.11, 0.25, 0.14]
[0.49, 0.64, 0.74, 0.52, 0.51, 0.52, 0.49]
[0.26, 0.16, 0.12, 0.35, 0.31, 0.09, 0.26]
[0.5, 0.96, 0.95, 0.47, 0.56, 0.47, 0.79, 0.49]
[0.26, 0.35, 0.33, 0.24, 0.22, 0.34, 0.29, 0.27]
[0.49, 0.55, 0.52, 0.51, 0.79, 0.9, 0.5]
[0.21, 0.17, 0.24, 0.43, 0.29, 0.23, 0.84]
[0.5, 0.51, 0.26, 0.52, 0.48, 0.51, 0.83, 0.5, 0.78]
[0.11, 0.54, 0.11, 0.68, 0.29, 0.15, 0.04]
[0.5, 0.97, 0.57, 0.54, 0.56, 0.48, 0.85]
[0.83, 0.25, 0.36, 0.88, 0.27, 0.22, 0.92, 0.36]
[0.49, 0.72, 0.53, 0.75, 0.51, 0.48, 0.52]
[0.17, 0.87, 0.45, 0.2, 0.45, 0.18, 0.07, 0.84]
[0.49, 0.51, 0.73, 0.79, 0.93, 0.48, 0.12]
[0.18, 0.36, 0.21, 0.45, 0.65, 0.48, 0.48]
[0.49, 0.98, 0.52, 0.98, 0.56, 0.72, 0.5]
[0.18, 0.43, 0.88, 0.2, 0.18, 0.48, 0.42]
[0.49, 0.98, 0.51, 0.53, 0.55, 0.5, 0.49]
[0.18, 0.44, 0.22, 0.2, 0.14, 0.2, 0.19]
[0.49, 0.52, 0.61, 0.67, 0.87, 0.18, 0.5]
[0.26, 0.2, 0.29, 0.27, 0.66, 0.38, 0.27]