[0.49, 0.7, 0.51, 0.52, 0.18, 0.49, 0.5]
[0.18, 0.22, 0.0, 0.2, 0.19, 0.58, 0.16]
[0.49, 0.74, 0.51, 0.74, 0.51, 0.92, 0.73, 0.5, 0.48]
[0.22, 0.26, 0.16, 0.25, 0.43, 0.05, 0.21]
[0.49, 0.97, 0.98, 0.98, 0.54, 0.5, 0.5, 0.51]
[0.32, 0.28, 0.91, 0.51, 0.3, 0.23, 0.92, 0.3]
[0.49, 0.98, 0.52, 0.52, 0.16, 0.49, 0.07]
[0.28, 0.31, 0.9, 0.3, 0.72, 0.81, 0.3]
[0.49, 0.75, 0.72, 0.52, 0.51, 0.5, 0.5]
[0.27, 0.11, 0.89, 0.1, 0.11, 0.25, 0.14]
[0.49, 0.63, 0.74, 0.52, 0.5, 0.52, 0.5]
[0.26, 0.17, 0.12, 0.35, 0.31, 0.09, 0.27]
[0.5, 0.96, 0.95, 0.47, 0.57, 0.49, 0.82, 0.48]
[0.27, 0.33, 0.33, 0.31, 0.22, 0.83, 0.35, 0.0, 0.28]
[0.49, 0.54, 0.51, 0.51, 0.79, 0.9, 0.5]
[0.25, 0.21, 0.27, 0.38, 0.22, 0.26, 0.85]
[0.5, 0.51, 0.26, 0.52, 0.48, 0.51, 0.83, 0.5, 0.79]
[0.12, 0.54, 0.11, 0.71, 0.29, 0.15, 0.0]
[0.5, 0.97, 0.52, 0.53, 0.57, 0.49, 0.85]
[0.83, 0.25, 0.36, 0.9, 0.22, 0.27, 0.36, 0.92]
[0.49, 0.72, 0.52, 0.74, 0.5, 0.49, 0.52]
[0.17, 0.87, 0.45, 0.2, 0.44, 0.18, 0.07, 0.84]
[0.49, 0.51, 0.74, 0.79, 0.93, 0.49, 0.1]
[0.18, 0.36, 0.21, 0.45, 0.67, 0.48, 0.48]
[0.49, 0.98, 0.52, 0.98, 0.56, 0.72, 0.51]
[0.26, 0.34, 0.92, 0.28, 0.25, 0.37, 0.28]
[0.49, 0.98, 0.51, 0.53, 0.55, 0.5, 0.5]
[0.22, 0.25, 0.4, 0.24, 0.23, 0.17, 0.22]
[0.49, 0.52, 0.61, 0.67, 0.87, 0.17, 0.5]
[0.26, 0.2, 0.29, 0.27, 0.67, 0.38, 0.27]