[0.49, 0.86, 0.51, 0.69, 0.5, 0.49, 0.25]
[0.18, 0.22, 0.27, 0.18, 0.19, 0.21, 0.07]
[0.5, 0.73, 0.51, 0.74, 0.51, 0.92, 0.72, 0.5, 0.48]
[0.17, 0.21, 0.18, 0.21, 0.48, 0.08, 0.0]
[0.51, 0.97, 0.96, 0.46, 0.37, 0.29, 0.3, 0.71]
[0.19, 0.43, 0.91, 0.38, 0.24, 0.15, 0.17, 0.69]
[0.49, 0.98, 0.52, 0.52, 0.41, 0.49, 0.07]
[0.28, 0.31, 0.88, 0.3, 0.47, 0.8, 0.29]
[0.49, 0.74, 0.72, 0.08, 0.51, 0.5, 0.48]
[0.23, 0.15, 0.88, 0.15, 0.07, 0.22, 0.09]
[0.49, 0.79, 0.74, 0.63, 0.52, 0.52, 0.29]
[0.26, 0.02, 0.12, 0.34, 0.31, 0.09, 0.21]
[0.75, 0.96, 0.82, 0.49, 0.38, 0.67, 0.21, 0.71]
[0.01, 0.4, 0.34, 0.21, 0.2, 0.33, 0.35, 0.02]
[0.49, 0.61, 0.53, 0.51, 0.78, 0.9, 0.5]
[0.18, 0.1, 0.22, 0.45, 0.3, 0.2, 0.8]
[0.5, 0.26, 0.51, 0.52, 0.55, 0.48, 0.76, 0.5, 0.68]
[0.05, 0.5, 0.05, 0.24, 0.22, 0.1, 0.15]
[0.58, 0.06, 0.93, 0.75, 0.33, 0.27, 0.85, 0.98]
[0.79, 0.14, 0.4, 0.69, 0.22, 0.23, 0.9, 0.39]
[0.49, 0.72, 0.62, 0.75, 0.51, 0.27, 0.52]
[0.17, 0.86, 0.45, 0.2, 0.44, 0.14, 0.07, 0.84]
[0.49, 0.86, 0.52, 0.73, 0.47, 0.93, 0.48]
[0.18, 0.36, 0.21, 0.45, 0.27, 0.48, 0.48]
[0.49, 0.97, 0.52, 0.98, 0.35, 0.72, 0.5]
[0.18, 0.43, 0.87, 0.2, 0.32, 0.48, 0.42]
[0.49, 0.97, 0.51, 0.65, 0.54, 0.5, 0.26]
[0.22, 0.4, 0.25, 0.22, 0.17, 0.23, 0.15]
[0.49, 0.68, 0.52, 0.73, 0.45, 0.51, 0.87, 0.51]
[0.24, 0.11, 0.28, 0.25, 0.37, 0.41, 0.22]