[0.49, 0.72, 0.51, 0.53, 0.26, 0.49, 0.48]
[0.1, 0.22, 0.08, 0.1, 0.19, 0.28, 0.12]
[0.49, 0.74, 0.51, 0.74, 0.51, 0.92, 0.73, 0.5, 0.48]
[0.09, 0.21, 0.09, 0.13, 0.48, 0.13, 0.31]
[0.49, 0.97, 0.98, 0.98, 0.54, 0.43, 0.47, 0.52]
[0.39, 0.06, 0.7, 0.29, 0.26, 0.68, 0.93, 0.39]
[0.49, 0.98, 0.52, 0.52, 0.17, 0.49, 0.07]
[0.23, 0.2, 0.88, 0.3, 0.44, 0.78, 0.29]
[0.49, 0.75, 0.72, 0.53, 0.51, 0.5, 0.49]
[0.19, 0.04, 0.87, 0.1, 0.11, 0.34, 0.13]
[0.49, 0.64, 0.74, 0.52, 0.51, 0.52, 0.49]
[0.19, 0.05, 0.11, 0.34, 0.3, 0.09, 0.0]
[0.5, 0.96, 0.95, 0.47, 0.56, 0.47, 0.79, 0.49]
[0.0, 0.38, 0.38, 0.21, 0.32, 0.4, 0.64, 0.07, 0.18]
[0.49, 0.55, 0.52, 0.51, 0.79, 0.9, 0.5]
[0.1, 0.06, 0.22, 0.45, 0.32, 0.2, 0.82]
[0.5, 0.51, 0.26, 0.52, 0.48, 0.51, 0.83, 0.5, 0.78]
[0.13, 0.54, 0.13, 0.36, 0.05, 0.17, 0.02]
[0.5, 0.97, 0.57, 0.54, 0.56, 0.48, 0.85]
[0.81, 0.18, 0.36, 0.75, 0.27, 0.31, 0.92, 0.28]
[0.49, 0.72, 0.53, 0.75, 0.51, 0.48, 0.52]
[0.11, 0.87, 0.07, 0.45, 0.19, 0.3, 0.17]
[0.49, 0.51, 0.73, 0.79, 0.93, 0.48, 0.12]
[0.13, 0.16, 0.21, 0.45, 0.42, 0.48, 0.48]
[0.49, 0.98, 0.52, 0.98, 0.56, 0.72, 0.5]
[0.08, 0.25, 0.87, 0.19, 0.12, 0.48, 0.43]
[0.49, 0.98, 0.51, 0.53, 0.55, 0.5, 0.49]
[0.1, 0.22, 0.21, 0.11, 0.19, 0.06, 0.09]
[0.49, 0.52, 0.61, 0.67, 0.87, 0.18, 0.5]
[0.11, 0.22, 0.04, 0.46, 0.48, 0.29, 0.76]